100
60 100
70 130
80 120
100 40
110 100
130 10
150 110
200 70
220 80
240 150
280 50
290 80
310 40
320 10
320 90
430 110
430 140
450 200
470 20
470 170
490 20
550 30
550 170
600 200
620 50
660 190
670 30
690 130
700 60
720 160
740 190
750 140
780 210
790 160
800 290
800 380
790 340
770 520
770 310
760 450
760 390
750 530
740 460
710 590
700 300
690 450
650 590
650 290
630 560
630 460
620 260
590 440
570 600
570 400
560 260
540 530
540 300
500 430
490 500
480 370
460 240
440 580
440 360
400 570
400 520
370 220
360 270
340 560
310 310
300 540
290 570
280 470
270 360
270 230
260 380
260 180
220 490
200 550
180 490
170 550
150 420
140 330
130 370
120 480
120 220
110 180
100 210
90 500
90 340
70 510
60 410
50 600
50 390
40 470
30 430
30 330
20 440
20 150
10 510
10 120
